Td=0.001